Question 3 Solved with Explicit Dynamics 
fGlobal and uGlobal at 500ms

Omega = 0.1rad/ms
uGlobal
         0
    1.7201
         0
    1.7828
   -4.2311
  -13.9414
   -4.2811
  -13.7320
         0
  -13.1670

fGlobal
    2.3870
         0
    1.7104
    0.0000
         0
    0.0000
         0
    0.0000
    0.0000
    7.3925

Omega = 1.0rad/ms
uGlobal
         0
    0.2031
         0
   -0.0464
  -24.5071
   39.7489
   -1.3216
   20.6628
         0
  -22.9455

fGlobal
   36.7376
    0.0000
  198.8072
   -0.0000
   -0.0000
         0
         0
   -0.0000
   -0.0000
 -488.9348

Omega = 10.0rad/ms
uGlobal
         0
    0.0227
         0
    0.0164
    0.1790
    0.1394
    0.1069
    0.4801
         0
  -49.9236

fGlobal
   1.0e+04 *

    0.0000
         0
   -0.0001
    0.0000
         0
    0.0000
    0.0000
         0
   -0.0000
    1.1822
