Question 2C - Implicit Dynamics

10us Time Step

uGlobal

   1.0e-04 *

         0
    0.0714
    0.1429
    0.2143
    0.2857
    0.3571
    0.4286
    0.5000
    0.5714
    0.6429
    0.7143


fGlobal

   -5.0000
   -0.0000
    0.0000
         0
         0
   -0.0000
    0.0000
         0
    0.0000
         0
    5.0000


1ms Time Step

uGlobal

   1.0e-04 *

         0
    0.0714
    0.1429
    0.2143
    0.2857
    0.3571
    0.4286
    0.5000
    0.5714
    0.6429
    0.7143


fGlobal

   -5.0000
   -0.0000
   -0.0000
    0.0000
   -0.0000
    0.0000
   -0.0000
    0.0000
   -0.0000
    0.0000
    5.0000

100ms Time Step

uGlobal

   1.0e-04 *

         0
    0.0714
    0.1429
    0.2143
    0.2857
    0.3571
    0.4286
    0.5000
    0.5714
    0.6429
    0.7143


fGlobal

   -5.0000
   -0.0000
   -0.0000
   -0.0000
    0.0000
   -0.0000
   -0.0000
    0.0000
    0.0000
   -0.0000
    5.0000