0, 0, 1
0, 1, 2
0, 1, 1
0.000000, 0, 10
0.010000, 0, 10
0.020000, 0, 10
0.030000, 0, 10
0.040000, 0, 10
0.050000, 0, 10
0.060000, 0, 10
0.070000, 0, 10
0.080000, 0, 10
0.090000, 0, 10
0.100000, 0, 10
0.110000, 0, 10
0.120000, 0, 10
0.130000, 0, 10
0.140000, 0, 10
0.150000, 0, 10
0.160000, 0, 10
0.170000, 0, 10
0.180000, 0, 10
0.190000, 0, 10
0.200000, 0, 10
0.210000, 0, 10
0.220000, 0, 10
0.230000, 0, 10
0.240000, 0, 10
0.250000, 0, 10
0.260000, 0, 10
0.270000, 0, 10
0.280000, 0, 10
0.290000, 0, 10
0.300000, 0, 10
0.310000, 0, 10
0.320000, 0, 10
0.330000, 0, 10
0.340000, 0, 10
0.350000, 0, 10
0.360000, 0, 10
0.370000, 0, 10
0.380000, 0, 10
0.390000, 0, 10
0.400000, 0, 10
0.410000, 0, 10
0.420000, 0, 10
0.430000, 0, 10
0.440000, 0, 10
0.450000, 0, 10
0.460000, 0, 10
0.470000, 0, 10
0.480000, 0, 10
0.490000, 0, 10
0.500000, 0, 10
0.510000, 0, 10
0.520000, 0, 10
0.530000, 0, 10
0.540000, 0, 10
0.550000, 0, 10
0.560000, 0, 10
0.570000, 0, 10
0.580000, 0, 10
0.590000, 0, 10
0.600000, 0, 10
0.610000, 0, 10
0.620000, 0, 10
0.630000, 0, 10
0.640000, 0, 10
0.650000, 0, 10
0.660000, 0, 10
0.670000, 0, 10
0.680000, 0, 10
0.690000, 0, 10
0.700000, 0, 10
0.710000, 0, 10
0.720000, 0, 10
0.730000, 0, 10
0.740000, 0, 10
0.750000, 0, 10
0.760000, 0, 10
0.770000, 0, 10
0.780000, 0, 10
0.790000, 0, 10
0.800000, 0, 10
0.810000, 0, 10
0.820000, 0, 10
0.830000, 0, 10
0.840000, 0, 10
0.850000, 0, 10
0.860000, 0, 10
0.870000, 0, 10
0.880000, 0, 10
0.890000, 0, 10
0.900000, 0, 10
0.910000, 0, 10
0.920000, 0, 10
0.930000, 0, 10
0.940000, 0, 10
0.950000, 0, 10
0.960000, 0, 10
0.970000, 0, 10
0.980000, 0, 10
0.990000, 0, 10
1.000000, 0, 10
1.010000, 0, 10
1.020000, 0, 10
1.030000, 0, 10
1.040000, 0, 10
1.050000, 0, 10
1.060000, 0, 10
1.070000, 0, 10
1.080000, 0, 10
1.090000, 0, 10
1.100000, 0, 10
1.110000, 0, 10
1.120000, 0, 10
1.130000, 0, 10
1.140000, 0, 10
1.150000, 0, 10
1.160000, 0, 10
1.170000, 0, 10
1.180000, 0, 10
1.190000, 0, 10
1.200000, 0, 10
1.210000, 0, 10
1.220000, 0, 10
1.230000, 0, 10
1.240000, 0, 10
1.250000, 0, 10
1.260000, 0, 10
1.270000, 0, 10
1.280000, 0, 10
1.290000, 0, 10
1.300000, 0, 10
1.310000, 0, 10
1.320000, 0, 10
1.330000, 0, 10
1.340000, 0, 10
1.350000, 0, 10
1.360000, 0, 10
1.370000, 0, 10
1.380000, 0, 10
1.390000, 0, 10
1.400000, 0, 10
1.410000, 0, 10
1.420000, 0, 10
1.430000, 0, 10
1.440000, 0, 10
1.450000, 0, 10
1.460000, 0, 10
1.470000, 0, 10
1.480000, 0, 10
1.490000, 0, 10
1.500000, 0, 10
1.510000, 0, 10
1.520000, 0, 10
1.530000, 0, 10
1.540000, 0, 10
1.550000, 0, 10
1.560000, 0, 10
1.570000, 0, 10
1.580000, 0, 10
1.590000, 0, 10
1.600000, 0, 10
1.610000, 0, 10
1.620000, 0, 10
1.630000, 0, 10
1.640000, 0, 10
1.650000, 0, 10
1.660000, 0, 10
1.670000, 0, 10
1.680000, 0, 10
1.690000, 0, 10
1.700000, 0, 10
1.710000, 0, 10
1.720000, 0, 10
1.730000, 0, 10
1.740000, 0, 10
1.750000, 0, 10
1.760000, 0, 10
1.770000, 0, 10
1.780000, 0, 10
1.790000, 0, 10
1.800000, 0, 10
1.810000, 0, 10
1.820000, 0, 10
1.830000, 0, 10
1.840000, 0, 10
1.850000, 0, 10
1.860000, 0, 10
1.870000, 0, 10
1.880000, 0, 10
1.890000, 0, 10
1.900000, 0, 10
1.910000, 0, 10
1.920000, 0, 10
1.930000, 0, 10
1.940000, 0, 10
1.950000, 0, 10
1.960000, 0, 10
1.970000, 0, 10
1.980000, 0, 10
1.990000, 0, 10
2.000000, 0, 10
2.010000, 0, 10
2.020000, 0, 10
2.030000, 0, 10
2.040000, 0, 10
2.050000, 0, 10
2.060000, 0, 10
2.070000, 0, 10
2.080000, 0, 10
2.090000, 0, 10
2.100000, 0, 10
2.110000, 0, 10
2.120000, 0, 10
2.130000, 0, 10
2.140000, 0, 10
2.150000, 0, 10
2.160000, 0, 10
2.170000, 0, 10
2.180000, 0, 10
2.190000, 0, 10
2.200000, 0, 10
2.210000, 0, 10
2.220000, 0, 10
2.230000, 0, 10
2.240000, 0, 10
2.250000, 0, 10
2.260000, 0, 10
2.270000, 0, 10
2.280000, 0, 10
2.290000, 0, 10
2.300000, 0, 10
2.310000, 0, 10
2.320000, 0, 10
2.330000, 0, 10
2.340000, 0, 10
2.350000, 0, 10
2.360000, 0, 10
2.370000, 0, 10
2.380000, 0, 10
2.390000, 0, 10
2.400000, 0, 10
2.410000, 0, 10
2.420000, 0, 10
2.430000, 0, 10
2.440000, 0, 10
2.450000, 0, 10
2.460000, 0, 10
2.470000, 0, 10
2.480000, 0, 10
2.490000, 0, 10
2.500000, 0, 10
2.510000, 0, 10
2.520000, 0, 10
2.530000, 0, 10
2.540000, 0, 10
2.550000, 0, 10
2.560000, 0, 10
2.570000, 0, 10
2.580000, 0, 10
2.590000, 0, 10
2.600000, 0, 10
2.610000, 0, 10
2.620000, 0, 10
2.630000, 0, 10
2.640000, 0, 10
2.650000, 0, 10
2.660000, 0, 10
2.670000, 0, 10
2.680000, 0, 10
2.690000, 0, 10
2.700000, 0, 10
2.710000, 0, 10
2.720000, 0, 10
2.730000, 0, 10
2.740000, 0, 10
2.750000, 0, 10
2.760000, 0, 10
2.770000, 0, 10
2.780000, 0, 10
2.790000, 0, 10
2.800000, 0, 10
2.810000, 0, 10
2.820000, 0, 10
2.830000, 0, 10
2.840000, 0, 10
2.850000, 0, 10
2.860000, 0, 10
2.870000, 0, 10
2.880000, 0, 10
2.890000, 0, 10
2.900000, 0, 10
2.910000, 0, 10
2.920000, 0, 10
2.930000, 0, 10
2.940000, 0, 10
2.950000, 0, 10
2.960000, 0, 10
2.970000, 0, 10
2.980000, 0, 10
2.990000, 0, 10
3.000000, 0, 10
3.010000, 0, 10
3.020000, 0, 10
3.030000, 0, 10
3.040000, 0, 10
3.050000, 0, 10
3.060000, 0, 10
3.070000, 0, 10
3.080000, 0, 10
3.090000, 0, 10
3.100000, 0, 10
3.110000, 0, 10
3.120000, 0, 10
3.130000, 0, 10
3.140000, 0, 10
3.150000, 0, 10
3.160000, 0, 10
3.170000, 0, 10
3.180000, 0, 10
3.190000, 0, 10
3.200000, 0, 10
3.210000, 0, 10
3.220000, 0, 10
3.230000, 0, 10
3.240000, 0, 10
3.250000, 0, 10
3.260000, 0, 10
3.270000, 0, 10
3.280000, 0, 10
3.290000, 0, 10
3.300000, 0, 10
3.310000, 0, 10
3.320000, 0, 10
3.330000, 0, 10
3.340000, 0, 10
3.350000, 0, 10
3.360000, 0, 10
3.370000, 0, 10
3.380000, 0, 10
3.390000, 0, 10
3.400000, 0, 10
3.410000, 0, 10
3.420000, 0, 10
3.430000, 0, 10
3.440000, 0, 10
3.450000, 0, 10
3.460000, 0, 10
3.470000, 0, 10
3.480000, 0, 10
3.490000, 0, 10
3.500000, 0, 10
3.510000, 0, 10
3.520000, 0, 10
3.530000, 0, 10
3.540000, 0, 10
3.550000, 0, 10
3.560000, 0, 10
3.570000, 0, 10
3.580000, 0, 10
3.590000, 0, 10
3.600000, 0, 10
3.610000, 0, 10
3.620000, 0, 10
3.630000, 0, 10
3.640000, 0, 10
3.650000, 0, 10
3.660000, 0, 10
3.670000, 0, 10
3.680000, 0, 10
3.690000, 0, 10
3.700000, 0, 10
3.710000, 0, 10
3.720000, 0, 10
3.730000, 0, 10
3.740000, 0, 10
3.750000, 0, 10
3.760000, 0, 10
3.770000, 0, 10
3.780000, 0, 10
3.790000, 0, 10
3.800000, 0, 10
3.810000, 0, 10
3.820000, 0, 10
3.830000, 0, 10
3.840000, 0, 10
3.850000, 0, 10
3.860000, 0, 10
3.870000, 0, 10
3.880000, 0, 10
3.890000, 0, 10
3.900000, 0, 10
3.910000, 0, 10
3.920000, 0, 10
3.930000, 0, 10
3.940000, 0, 10
3.950000, 0, 10
3.960000, 0, 10
3.970000, 0, 10
3.980000, 0, 10
3.990000, 0, 10
4.000000, 0, 10
4.010000, 0, 10
4.020000, 0, 10
4.030000, 0, 10
4.040000, 0, 10
4.050000, 0, 10
4.060000, 0, 10
4.070000, 0, 10
4.080000, 0, 10
4.090000, 0, 10
4.100000, 0, 10
4.110000, 0, 10
4.120000, 0, 10
4.130000, 0, 10
4.140000, 0, 10
4.150000, 0, 10
4.160000, 0, 10
4.170000, 0, 10
4.180000, 0, 10
4.190000, 0, 10
4.200000, 0, 10
4.210000, 0, 10
4.220000, 0, 10
4.230000, 0, 10
4.240000, 0, 10
4.250000, 0, 10
4.260000, 0, 10
4.270000, 0, 10
4.280000, 0, 10
4.290000, 0, 10
4.300000, 0, 10
4.310000, 0, 10
4.320000, 0, 10
4.330000, 0, 10
4.340000, 0, 10
4.350000, 0, 10
4.360000, 0, 10
4.370000, 0, 10
4.380000, 0, 10
4.390000, 0, 10
4.400000, 0, 10
4.410000, 0, 10
4.420000, 0, 10
4.430000, 0, 10
4.440000, 0, 10
4.450000, 0, 10
4.460000, 0, 10
4.470000, 0, 10
4.480000, 0, 10
4.490000, 0, 10
4.500000, 0, 10
4.510000, 0, 10
4.520000, 0, 10
4.530000, 0, 10
4.540000, 0, 10
4.550000, 0, 10
4.560000, 0, 10
4.570000, 0, 10
4.580000, 0, 10
4.590000, 0, 10
4.600000, 0, 10
4.610000, 0, 10
4.620000, 0, 10
4.630000, 0, 10
4.640000, 0, 10
4.650000, 0, 10
4.660000, 0, 10
4.670000, 0, 10
4.680000, 0, 10
4.690000, 0, 10
4.700000, 0, 10
4.710000, 0, 10
4.720000, 0, 10
4.730000, 0, 10
4.740000, 0, 10
4.750000, 0, 10
4.760000, 0, 10
4.770000, 0, 10
4.780000, 0, 10
4.790000, 0, 10
4.800000, 0, 10
4.810000, 0, 10
4.820000, 0, 10
4.830000, 0, 10
4.840000, 0, 10
4.850000, 0, 10
4.860000, 0, 10
4.870000, 0, 10
4.880000, 0, 10
4.890000, 0, 10
4.900000, 0, 10
4.910000, 0, 10
4.920000, 0, 10
4.930000, 0, 10
4.940000, 0, 10
4.950000, 0, 10
4.960000, 0, 10
4.970000, 0, 10
4.980000, 0, 10
4.990000, 0, 10
5.000000, 0, 10