0, 0, 1
0, 1, 2
0, 1, 1
0.000000, 0, 10
0.100000, 0, 10
0.200000, 0, 10
0.300000, 0, 10
0.400000, 0, 10
0.500000, 0, 10
0.600000, 0, 10
0.700000, 0, 10
0.800000, 0, 10
0.900000, 0, 10
1.000000, 0, 10
1.100000, 0, 10
1.200000, 0, 10
1.300000, 0, 10
1.400000, 0, 10
1.500000, 0, 10
1.600000, 0, 10
1.700000, 0, 10
1.800000, 0, 10
1.900000, 0, 10
2.000000, 0, 10
2.100000, 0, 10
2.200000, 0, 10
2.300000, 0, 10
2.400000, 0, 10
2.500000, 0, 10
2.600000, 0, 10
2.700000, 0, 10
2.800000, 0, 10
2.900000, 0, 10
3.000000, 0, 10
3.100000, 0, 10
3.200000, 0, 10
3.300000, 0, 10
3.400000, 0, 10
3.500000, 0, 10
3.600000, 0, 10
3.700000, 0, 10
3.800000, 0, 10
3.900000, 0, 10
4.000000, 0, 10
4.100000, 0, 10
4.200000, 0, 10
4.300000, 0, 10
4.400000, 0, 10
4.500000, 0, 10
4.600000, 0, 10
4.700000, 0, 10
4.800000, 0, 10
4.900000, 0, 10
5.000000, 0, 10